((("newline" .
   [1 0 0 0 0 0 0])
  ("ox-latex" .
   [1 0 0 0 0 0 0 0])
  ("magenta" .
   [2 0 0 0 0 0 0])
  ("class" .
   [1 0 0 0 0])
  ("bold" .
   [2 0 0 0])
  (":bold" .
   [1 0 0 0 0])
  ("demibold" .
   [1 0 0 0 0 0 0 0])
  (":weight" .
   [3 0 0 0 0 0 0])
  ("tr" .
   [1 0])
  ("evil" .
   [1 0 0 0])
  ("require" .
   [1 0 0 0 0 0 0])
  (">=" .
   [1 0])
  ("<" .
   [1])
  ("not" .
   [1 0 0])
  ("||" .
   [1 0])
  ("&&" .
   [1 0])
  ("d" .
   [1])
  ("=" .
   [1])
  ("<>" .
   [1 0])
  ("!=" .
   [1 0])
  ("10" .
   [1 0])
  ("general_deposits_table" .
   [0 0 0 0 0 0 0 0 0 0 1 0 0 0 0 0 0 0 0 0 0 0])
  ("end" .
   [1 0 0])
  ("move_down" .
   [1 0 0 0 0 0 0 0 0])
  ("return" .
   [1 0 0 0 0 0])
  ("a" .
   [1])
  ("book" .
   [1 0 0 0])
  ("light" .
   [2 0 0 0 0])
  ("ase" .
   [1 0 0])
  ("show-subtree" .
   [0 0 0 0 0 0 0 0 1 0 0 0])
  ("hide-subtree" .
   [0 0 0 0 0 0 0 0 0 0 1 0])
  ("show-all" .
   [1 0 0 0 0 0 0 0])
  ("show-entry" .
   [1 0 0 0 0 0 0 0 0 0])
  ("hide-body" .
   [0 0 0 0 0 0 0 1 0])
  ("hide-entry" .
   [0 0 0 0 0 0 0 0 0 1])
  ("kbd" .
   [0 0 1])
  ("s" .
   [1])
  ("e" .
   [1])
  ("i" .
   [1])
  ("org-mode" .
   [1 0 0 0 0 0 0 0])
  ("Kommunikation" .
   [1 0 0 0 0 0 0 0 0 0 0 0 0])
  ("läuft" .
   [1 0 0 0 0])
  ("mit" .
   [1 0 0])
  ("komplett" .
   [1 0 0 0 0 0 0 0])
  ("über" .
   [1 0 0 0])
  ("RatioDrink" .
   [1 0 0 0 0 0 0 0 0 0])
  ("Lieferungen" .
   [1 0 0 0 0 0 0 0 0 0 0])
  ("**" .
   [1 0])
  ("***" .
   [1 0 0])
  ("Orchestrierung" .
   [0 0 0 0 1 0 0 0 0 0 0 0 0 0])
  ("und" .
   [1 0 0])
  ("Choreographie" .
   [0 0 0 1 0 0 0 0 0 0 0 0 0])
  ("vs" .
   [1 0])
  ("turn-on-haskell-indentation" .
   [1 0 0 0 0 0 0 0 0 0 0 0 0 0 0 0 0 0 0 0 0 0 0 0 0 0 0])
  ("u" .
   [1])))
